{"3HTN": {"A": {"pssm_coef": [1.0, 1.0, 1.0, 1.0, 1.0, 1.0, 1.0, 1.0, 1.0, 1.0, 1.0, 1.0, 1.0, 1.0, 1.0, 1.0, 1.0, 1.0, 1.0, 1.0, 1.0, 1.0, 1.0, 1.0, 1.0, 1.0, 1.0, 1.0, 1.0, 1.0, 1.0, 1.0, 1.0, 1.0, 1.0, 1.0, 1.0, 1.0, 1.0, 1.0, 1.0, 1.0, 1.0, 1.0, 1.0, 1.0, 1.0, 1.0, 1.0, 1.0, 1.0, 1.0, 1.0, 1.0, 1.0, 1.0, 1.0, 1.0, 1.0, 1.0, 1.0, 1.0, 1.0, 1.0, 1.0, 1.0, 1.0, 1.0, 1.0, 1.0, 1.0, 1.0, 1.0, 1.0, 1.0, 1.0, 1.0, 1.0, 1.0, 1.0, 1.0, 1.0, 1.0, 1.0, 1.0, 1.0, 1.0, 1.0, 1.0, 1.0, 1.0, 1.0, 1.0, 1.0, 1.0, 1.0, 1.0, 1.0, 1.0, 1.0, 1.0, 1.0, 1.0, 1.0, 1.0, 1.0, 1.0, 1.0, 1.0, 1.0, 1.0, 1.0, 1.0, 1.0, 1.0, 1.0, 1.0, 1.0, 1.0, 1.0, 1.0, 1.0, 1.0, 1.0, 1.0, 1.0, 1.0, 1.0, 1.0, 1.0, 1.0, 1.0, 1.0, 1.0, 1.0, 1.0, 1.0, 1.0, 1.0, 1.0, 1.0, 1.0, 1.0], "pssm_bias": [[0.02079694206276236, 0.002897567987710379, 0.010519851812995572, 0.08515581186430828, 0.006927355325856394, 0.004756139909150473, 0.09306345710548387, 0.05900814247807048, 0.27168967698180374, 0.22999682994032106, 0.014855493448409612, 0.009812270417781793, 0.05153300030079766, 0.006212449154202608, 0.023144108072981524, 0.017494387216227574, 0.07477143978688233, 0.001188986395428325, 0.003255271780847185, 0.012920817957978534, 0.0], [0.027821664581420054, 0.002590298056055453, 0.01453475881370997, 0.015936887119195033, 0.0074867577582750176, 0.08755225908174367, 0.004325623085205857, 0.006122049749293944, 0.37236376690206574, 0.19536227681234428, 0.0022127144515081206, 0.04727569349836277, 0.021400227459181232, 0.09423926732415905, 0.0019523047571972313, 0.0018916000882584643, 0.005948572921815538, 0.01693005077156173, 0.05489144169250797, 0.019161785076138985, 0.0], [0.005430383603763419, 0.06647546423439282, 0.006224830083535364, 0.3450922465559138, 0.004666906516520282, 0.009133441457537856, 0.21896194677978353, 0.0037802163184168383, 0.012835051747043058, 0.03213131953179613, 0.047546019176785616, 0.08586308673850254, 0.008128288371120783, 0.003378566614780057, 0.03379523481058232, 0.006628535991250382, 0.048673232059812055, 0.009193954440910413, 0.042822748711331335, 0.009238526256221333, 0.0], [0.004158742012293202, 0.011041179212666709, 0.005225298722508872, 0.0009937187335405514, 0.026315400769717008, 0.004135834263187532, 0.0006491656540466726, 0.018704531205753015, 0.040712918462122466, 0.5715074197846409, 0.037947291577128776, 0.004125141173603288, 0.003598597219863676, 0.0014686098185680383, 0.03700174592103844, 0.008092558944923146, 0.04878714934962453, 0.03583318476572212, 0.04013953569189125, 0.09956197671715965, 0.0], [0.11980593112793116, 0.006017908045020736, 0.2173065747685434, 0.004948166156755549, 0.07644687091791509, 0.10706868856403597, 0.014856324527576549, 0.00894713944226341, 0.0015963206455853688, 0.27521072908062805, 0.0018456160876962446, 0.013764625999728587, 0.033061910425638635, 0.005773162752071335, 0.01154518582439091, 0.004044534752971191, 0.0023129886067308637, 0.001584554968914281, 0.01303368883289365, 0.08082907847270891, 0.0], [0.13461653592427575, 0.003626025682113122, 0.12845505497293686, 0.004674936124070835, 0.0021218191451675625, 0.001042631165095775, 0.003863050114075857, 0.013560094962647108, 0.008606411828091368, 0.34609630878016, 0.00969889463645179, 0.011796598302951832, 0.121426568752058, 9.871669003502605e-05, 0.015591688996470237, 0.013379132044631498, 0.001731143837898628, 0.12129240919709817, 0.05638775441719706, 0.0019342244265735584, 0.0], [0.00900240007928357, 0.000556833233099648, 0.013380634920384429, 0.06244557205291199, 0.00043019935051459953, 0.009991287620848282, 0.05669048506810704, 0.009298605694237537, 0.002441846526210777, 0.02077383051084146, 0.1827812242415964, 0.0002844241980183928, 0.011708845119658723, 0.47780474604439066, 0.0019819234607839848, 0.0037930804422955083, 0.021910588063563843, 0.0863708748562743, 0.021576209954927032, 0.006776388562051761, 0.0], [0.03412048657772053, 0.0016636814441429346, 0.015148885600874925, 0.0013787546534494513, 0.0427062848079142, 0.007287950789929992, 0.04902435409377597, 0.2900608340607431, 0.0011604631551317725, 0.11850185490623069, 0.010911728986120047, 0.1299470464121369, 0.0035162920208322546, 0.03688895412529272, 0.05873125014375716, 0.053377856666078194, 0.10474638233644205, 0.00569683294137447, 0.02937410737851935, 0.0057559988995331875, 0.0], [0.0002262506869282424, 0.000275617533513029, 0.0036497583284639166, 0.0006985485882244832, 0.0022102044966693375, 0.0007576802558313442, 0.8761821208991579, 0.0017945189692323304, 0.009369304146290336, 0.00023252850088813234, 0.03628705730744696, 0.003005628064354408, 0.0001748385366407477, 9.454088842783558e-05, 0.025368101610134842, 0.0014962282558067753, 0.021649020417832857, 0.001380719930164992, 0.011367428795711235, 0.0037799037882800986, 0.0], [0.007065988156710833, 0.012328270481031548, 0.0029713461702863793, 0.0013952642685350265, 0.0026616721449986185, 0.00019497419152871977, 0.05215779664075374, 0.09795922772081679, 0.3178824199048979, 0.14477877137455877, 0.06970186882147253, 0.06538013430921462, 0.012179978686829062, 0.019671373986584632, 0.08750007525307191, 0.016422540440204324, 0.02458524244074096, 0.0005159448336980913, 0.05846866521136182, 0.006178444962703716, 0.0], [0.05693500028306281, 0.00017717648604500172, 0.006451927810017267, 0.005991415796647017, 8.13987585754193e-05, 0.002410174559705378, 0.00014801618716671233, 0.0017956138880573366, 0.8254609962863049, 0.003948107062585541, 1.502069606392877e-05, 0.000497185223865514, 0.004674692420008174, 0.04343927124902646, 0.0014627759323280931, 0.0009945194594900056, 0.00564663507060209, 0.03873469985548726, 0.0008036090609968865, 0.0003317639139640096, 0.0], [0.016010977424282202, 0.0032544086204556047, 0.021453463412779858, 0.14388973928888293, 0.3624845233049621, 0.018039496459833285, 0.0004373656109392456, 0.38703229385161914, 0.001500174259110479, 0.00017869731980170355, 0.0002511450872554807, 0.008238371233096781, 0.0050167921734951635, 0.0008490126508439997, 0.0003603370607004429, 0.017552863389158676, 0.002253869116302689, 0.000484072613590705, 0.009377062902529147, 0.0013353342203601976, 0.0], [0.07475107027696701, 0.0022864189942699, 0.00742746975385755, 0.0031550488962172295, 0.3690586192967506, 0.021593549096525593, 0.04061477330376636, 0.03791972758577191, 0.05292561897134939, 0.023470467241848786, 0.11952600267334385, 0.13353757813096964, 0.009415602139442486, 0.032929650725446534, 0.0028686624666864704, 0.005929371335198283, 0.0014900811187775415, 0.05777940375816752, 0.0026518470899813216, 0.0006690371446621496, 0.0], [0.24327701516496789, 0.3812023757133889, 0.0003480278289125841, 0.026774061590201768, 0.01943553811992746, 0.012888707365014254, 0.009971932774888935, 0.054243844268009975, 0.023382625460947194, 0.019806746412941858, 0.007677679491102992, 0.055024053299035404, 0.0027580771455685935, 0.010208259207041973, 0.001366682429717286, 0.029642951781594394, 0.007378259619943674, 0.07985523045881383, 0.011758831431658392, 0.002999100436322451, 0.0], [0.01011858510485349, 0.00435202084076419, 0.006588791790489986, 0.3301893791691861, 0.005340226335602884, 0.14388083658354314, 0.021461107179714875, 0.005631754930979569, 0.0040587941854068384, 0.0005740653369006843, 0.0014115293803074573, 0.0033259211043859035, 0.009879457053865935, 0.08456888304219017, 1.7237022299136663e-05, 0.0010082331763430791, 0.0012666006990332084, 0.000956795575918365, 0.0035663237813727037, 0.3618034577068423, 0.0], [0.016799341143319307, 0.05206432100419454, 0.01462089456084431, 0.012990988256597545, 0.001502226917795778, 0.19801870163635152, 0.016356179621426513, 0.040799407542201536, 0.0012564306291608638, 0.016103032896158897, 0.0020125967602164945, 0.004771309073431577, 0.03161637234917626, 0.0037409047611174314, 0.027531915522247923, 0.4836572338903032, 0.001336175571175666, 0.057675491422693854, 0.0024566141105154867, 0.01468986233107126, 0.0], [0.006801758037702574, 0.031824560876040936, 0.007966282755531028, 0.00018716291844261045, 0.01638051524846669, 0.020272024449758817, 0.60117393943737, 0.08192298596984385, 0.027441763891357066, 0.009757731041134816, 0.0025469155676225734, 0.012700896863593289, 0.06979220334632352, 0.035029174600316265, 0.0018907490047836593, 0.04123703983507412, 0.02227208660753329, 9.905538307070842e-05, 0.0006944208748765476, 0.010008733291157671, 0.0], [0.015167665377371152, 0.926184082930944, 0.0001722829677408414, 0.000956200010175165, 0.0006411453361175409, 0.0031697083707522005, 0.0002447276410605743, 0.0023976301560753466, 9.188001309609808e-05, 0.0009448678316650376, 0.00010688263090273424, 0.001287238284746371, 0.0003659277733659791, 0.04014429094505769, 0.0006872171580466561, 0.0002769720038495318, 0.0007488453611006262, 0.0057136231557463795, 0.000568287977113179, 0.00013052407507281447, 0.0], [0.02148488758822163, 0.03416269437358087, 0.0002548124119042339, 0.00021764357699841026, 0.005944381980972116, 9.111367858000785e-05, 0.0060007969965781525, 0.0004379038345623065, 0.004662542609758597, 0.4998889458408136, 0.03295767527911734, 5.1259437749312376e-05, 0.0033860914707592635, 7.31816287763858e-05, 0.004002420777554663, 0.12829141975488761, 0.00020094210196835405, 6.961095747351194e-05, 0.0007095548473525567, 0.25711212085239094, 0.0], [0.03492920985697823, 0.01794910101762417, 0.0001583256725072022, 0.005557530260574488, 0.006422696086279643, 0.003944616581711406, 0.004560906870592623, 0.2072668633527996, 0.0016459322748136377, 0.012066162865326985, 0.027089726656928978, 0.00561113499504033, 0.06863654941558027, 0.0009764408279790318, 0.038013564615898186, 0.02459842154870949, 0.011239742578841349, 0.07312838040324054, 0.4555559926941271, 0.0006487014244466289, 0.0], [0.09403587779552314, 0.12085718170472053, 0.006062382677759099, 0.0162598760189563, 0.0025391239408321204, 0.0023184253575398665, 0.0008303514499235765, 0.03547763898793243, 0.0027513668849106516, 0.0009340552017307258, 0.04486958870551783, 0.0017882384355719138, 0.6130459357285224, 0.03368280005249939, 0.004986161260637196, 0.0050610596810916385, 0.003806019934487892, 0.0006366253607453222, 0.004047287771720055, 0.006010003049378061, 0.0], [0.0013174471785835076, 0.0002450504956266124, 0.052932724246110285, 0.0023842483388261306, 0.018773416942988314, 0.0014221924157143888, 0.12361802802591534, 0.036506649628023614, 0.23356581481867175, 0.016955159912033963, 0.017879851409287793, 0.006406421556744235, 0.005436171411816228, 0.2525294447799029, 0.01834780157469953, 0.0020633497021195534, 0.013566656108826035, 0.08273119508276734, 0.003309602982999509, 0.1100087733883428, 0.0], [0.18478784530639028, 0.004560520495198077, 0.00045068760950180034, 0.00905983716265539, 0.011901915574224691, 0.013962784008338672, 0.013975405471064168, 0.015488766525550925, 0.07334916475918152, 0.34507999189065586, 0.011462406494046767, 0.059030321726961356, 0.09666117424034187, 0.0012904277975694877, 0.017820744237799002, 0.0043715939816937124, 0.004192066953384882, 0.0906253986579418, 0.029789986200619088, 0.012138960906880842, 0.0], [0.00012661539622155367, 0.0003798112701481815, 0.00036549479024753604, 0.0005558272554680851, 0.0006200979486948283, 0.018895368834892116, 0.0009403117837757675, 0.0308435372662889, 0.0004754336034769046, 0.013185965578730826, 0.01178012893961178, 0.02517261592299717, 0.005729289535262124, 0.0015383658927277078, 0.00027049519562632714, 0.8143395285402398, 0.0013489002165279526, 0.000858273732484608, 0.0022967558488571657, 0.07027718244772065, 0.0], [0.028473236010294316, 0.019002808930950774, 0.007930007344581982, 0.015006876989908007, 0.11161232363308539, 0.057624377631197696, 0.009809835323239065, 0.0020215437000589, 0.07926102397291473, 0.018411590871470852, 0.013076145735540253, 0.005781008984081711, 0.07071149750301026, 0.1953197179973778, 0.0347542668532184, 0.18324005073438446, 0.0011981469024338921, 0.11822797007859198, 0.023841724935734856, 0.004695845867924819, 0.0], [0.0004883969280010905, 0.0650122874190516, 7.073552695035918e-05, 0.003296634142423977, 0.04962372837837858, 0.031019961476857115, 0.0014352580599459718, 0.0035050175338523456, 0.011278827600032378, 0.001310467917416141, 9.150871084755399e-05, 5.224086563173966e-05, 0.009125559740493571, 0.001073566900248706, 0.0017708771108830158, 0.45233779993330775, 0.10793474503705976, 0.00048309547819147194, 0.0015719909959889858, 0.25851730024443786, 0.0], [0.002332438493423322, 0.04148819508836593, 3.781313693609362e-05, 0.0006634157994379344, 1.9172977956230644e-05, 0.00041977975592529665, 0.00014110280740696254, 0.020135115348749823, 0.00043873531793205893, 0.0030453585246045267, 0.8096723940758956, 0.0011519331026585097, 0.004464904647006589, 0.005690762462378792, 0.0748545291166674, 0.001537388129434827, 0.0014508964946727161, 0.0061950678460609195, 0.025122773198672496, 0.0011382236758136926, 0.0], [0.2243328636417372, 0.025626187047146212, 0.08384690086465568, 0.009230920802605042, 0.11132696116949928, 0.010737714560870925, 0.015111378799187542, 0.007045921292063651, 0.0036623253837029285, 0.00201652649359732, 0.0070201154622644936, 0.000340072712815664, 0.3176130425391352, 0.013947786205685351, 0.07405151216775942, 0.0053756782452416005, 0.0027583425902081436, 0.05705913198678014, 0.0017453031292918764, 0.027151314905752375, 0.0], [0.02464248397651295, 0.03405585657676821, 0.005739802357755815, 0.01412267221664243, 0.01176966450489628, 0.015116831119319352, 0.013040727134433862, 0.01996800295595365, 0.31176719780693035, 0.03982608012955878, 0.005199692930163784, 0.1807670197775541, 0.011548617618394987, 0.00585965124874451, 0.07927852770784537, 0.028197803007943553, 0.11541128501421484, 0.06954501746150084, 0.011508724510454387, 0.0026343419444119407, 0.0], [0.021503909714003438, 0.0027734379408795966, 0.013336125879647973, 0.015559308895358146, 0.0012118797232381737, 0.2583652572968249, 0.0008794671213036056, 0.0054523793204775675, 0.03909490229479475, 0.07869744072788916, 0.0008995664477331159, 0.003912303981580843, 0.141513616726448, 0.025011980059553497, 0.013844758176231492, 0.020249168174688945, 0.27328753578581494, 0.016492841790191212, 0.06757868962151774, 0.00033543032182294, 0.0], [0.003217611714876728, 0.23610599521292597, 0.0098010755945216, 0.00035896082394855583, 0.0007748219773107017, 0.044933017957889336, 0.012884510979303486, 0.015343745747173223, 0.027270297621948762, 0.004832608283872472, 0.11886497519299388, 0.045021452777354164, 0.027570600990563812, 0.00737840816542798, 0.4391196664424361, 0.00037346851520230265, 0.0005428856645691691, 0.0009777581572915938, 0.003218258596254852, 0.0014098795841351434, 0.0], [0.12005272422008903, 0.15125680112003645, 0.06297693437767662, 0.01782548660115491, 0.010302903957116048, 0.04120740618183851, 0.004216494750546187, 0.013935420817087707, 0.04989919926296369, 0.0035144465266986244, 0.006658997364422542, 0.27121975985132196, 0.0014502134361725587, 0.014488341666676932, 0.03374911282256803, 0.04205486594693791, 0.006881652649214016, 0.0041500393694580435, 0.0026997515430788512, 0.14145944753494155, 0.0], [0.014083916691097861, 0.14804310968709603, 0.008774586452892533, 0.001690836557273277, 0.04600126961464892, 0.1246852705443979, 0.03328609903754477, 0.16687977657536837, 0.0035861533134552734, 0.012371019283650659, 0.011015880503964699, 0.0005490162023529429, 0.009603018435526819, 0.0016162594509899042, 0.3630972209304403, 0.04571550964841063, 0.00047842539926616173, 0.005409557930995685, 0.0011133411574307096, 0.0019997325831965667, 0.0], [0.03456531671403894, 0.02885875848265109, 0.0003629249071178264, 0.0002596019814013585, 0.0022401649555694263, 0.0009913194073431278, 0.013360833868235281, 0.005548281979727219, 0.00034475825293296664, 0.0004505210038777422, 0.0018719992241966847, 0.12355658773328485, 0.0018347415748198744, 0.7599988606682756, 0.011452153646003493, 0.0005379996968359449, 0.0002929882149357141, 0.0025332923504501658, 0.005072056947449493, 0.005866838390853172, 0.0], [0.05276160395442904, 0.021150459799649364, 0.00481245199404579, 0.0024372749563696013, 0.010030932308224327, 0.03769674495915133, 0.019078138102190213, 0.07633751795561171, 0.053568323972882116, 0.20815292625067086, 0.0015743401958628206, 0.07740646561577241, 0.01937793618016077, 0.24166263091630835, 0.11097446352176064, 0.0001192503326930615, 0.013097623268619957, 0.03706253245088369, 0.010853901285559128, 0.0018444819791549121, 0.0], [0.012889951834677341, 0.01974055699902735, 0.00031274230825723535, 0.09686656009992885, 0.005201929568544833, 0.05747637404429168, 0.0022717021233891205, 0.013364467143973349, 0.001171474268677605, 0.2391742569498401, 0.005750327192069356, 0.2986794739961187, 0.01004043958191998, 0.027524871548280132, 0.028084589336211777, 0.029550327385766437, 0.0005129461531220516, 0.03171585497967253, 0.11946141553201121, 0.0002097389542203029, 0.0], [0.00015137783223506123, 0.00013437578952415173, 0.01493818162897673, 0.0037100309345442953, 0.027694108736449247, 0.003053399451740482, 0.0070816793438328455, 0.00439061885654225, 0.0015202421990661112, 0.012996227840486731, 0.0013247150305940073, 0.0034414777870542318, 0.003370961338078373, 0.043035816503437074, 0.0006955058343459252, 0.031345556503649334, 0.8362304481559217, 0.0002258309216199043, 0.003681736849628561, 0.0009777084622730513, 0.0], [0.17639698411017476, 0.10460612980576925, 0.024115344573983597, 0.0297352315903694, 0.01650930688468144, 0.01634195452479294, 0.008305155820329644, 0.004518951813037691, 0.0002674934317362501, 0.3228661960741777, 0.02669404427566945, 0.004971846235337097, 0.01435126319876117, 0.10775811657219561, 0.07508328768785022, 0.0076185748228338535, 0.024933469457026278, 0.03280008220062062, 0.0009293868529633203, 0.0011971800676897355, 0.0], [0.0027776143665602096, 5.5251105619780334e-05, 0.005366801599332985, 0.008834576759015132, 0.17360399556628964, 0.14356090292132923, 0.058480109599668366, 0.07826686749461347, 0.024162696570698916, 0.029999108549452976, 0.07310135769813796, 0.00092976769592189, 0.1352649835462725, 0.013290287201707576, 0.1464413714550771, 0.010875530388861363, 0.0630093140720245, 0.005738262797982314, 0.025845908830904134, 0.0003952917805298921, 0.0], [0.0022398557550481505, 0.050155910033111116, 0.016118218730197732, 0.0002629372834488136, 0.07592707110533431, 0.026847379759885028, 0.16494148796265098, 0.06073595379933345, 0.020001918573308495, 0.1642059102542633, 0.10074336484489999, 0.010723717895301577, 0.12184258051335195, 0.1230403965310394, 0.02459341404675272, 0.008105073585138536, 0.0007234058231094433, 0.0016370647007663685, 0.020889202084667068, 0.00626513671839162, 0.0], [0.015814292911250565, 0.03160580394348942, 0.01904709914099005, 0.0005978925026882283, 0.02858690559483709, 0.00167269819750701, 0.06441509048768013, 0.050849034406951425, 0.11727045254821634, 0.0070321148120478716, 0.00740669358368704, 0.0010080095616224242, 0.026143488772149323, 0.08119756757190927, 0.007536670387543073, 0.1918157769195752, 0.11202259332225713, 0.23125099061208343, 0.0027020540069494794, 0.002024770716565297, 0.0], [0.04450722894135944, 0.5117431497400771, 0.060282033672306, 0.0017570081680532363, 0.08586907036081169, 0.013912003670183226, 0.01575920923517343, 0.0021948678711019424, 0.0322422577964318, 0.0018915555228913826, 0.00033478124557593066, 0.004607175683492721, 0.05501545821902509, 0.005791029734369004, 0.0011880882020600374, 0.13425546527983637, 0.02334513234631774, 0.0034784093843854714, 0.0008484437813651671, 0.0009776311451833157, 0.0], [0.014481264923224811, 0.00014495840373628547, 0.009835651736468274, 0.5104940203875707, 0.007203310490392883, 2.1661744039230832e-05, 0.0004468622529646155, 0.006963016982256728, 0.14519958330746105, 0.004557447625848434, 0.003476842126314993, 0.00022664973303763715, 0.018093936778632486, 0.010007102318057945, 7.214374946167462e-05, 0.01408324237096715, 0.0006653607059494344, 0.021601727185892962, 0.022141661694735474, 0.21028355548298705, 0.0], [0.003920262586057681, 0.0012233417565713305, 0.0068735889817818675, 0.000687694248233875, 0.024556335164159265, 0.03874857159936715, 0.6571326934039168, 0.0028081646925913386, 0.010648721924997526, 0.02451068397875451, 0.013920791158178118, 0.00018400107846909902, 0.12526905926740545, 0.003138922883235706, 0.005756695513332662, 0.01135604891950869, 0.00025316228825179355, 0.001820586825816198, 0.006734020438314053, 0.06045665329105688, 0.0], [0.0005756442611083265, 0.01304621401611767, 0.07007983563889696, 0.0010768693859435315, 0.0024560623218063972, 0.023915606772962842, 0.29180448157697053, 0.09747510629292387, 0.004169026917577684, 0.002957224799229152, 0.004571162707028371, 0.004017665997936689, 0.06409860489176762, 0.003116224305520595, 0.0061885647568142785, 0.07384117060488701, 0.04592670446681201, 0.252714853928765, 0.036112878445859205, 0.00185609791107238, 0.0], [0.055369094688184545, 0.03622349509784002, 0.0016248506033135417, 0.0539682738006538, 0.1575748481506764, 0.11886521977933331, 0.017433814326146626, 0.20630898257787278, 0.0024449699024980684, 0.00034399805903631233, 0.001340562197180599, 4.0105285722744085e-05, 0.012440312738752547, 0.20701201145436382, 0.01456698722848362, 0.0016582198737059072, 0.05073232130973971, 0.029534634662351948, 0.021850004929398818, 0.010667293334744784, 0.0], [0.2738048501564979, 0.0038045643246452884, 0.003106810696854823, 0.0022916383535237787, 0.01232340511773939, 0.022052268538729675, 0.07708652063654459, 0.03834304116662197, 0.004232843176274404, 0.00010223650225400512, 0.020598155214454194, 0.00967831953582427, 0.25517107874780126, 0.001125991620303534, 0.035924068941466936, 0.004130386368480593, 0.0007522277122735295, 0.011006162880815913, 0.1176352931773361, 0.10683013713155809, 0.0], [0.0004768965353998422, 0.008015960778937212, 0.001218268790662759, 0.4296179278401567, 0.007217144097964555, 6.616628638891801e-05, 0.007890876931314012, 0.04733362532302302, 0.02092611457320451, 0.005082456720705319, 0.001019116940975952, 0.09873520014544693, 0.001480065846033243, 0.03006065014043244, 0.0010037902886423204, 0.007451607606477696, 0.30427170474362303, 0.008092267112319801, 0.00815348828754549, 0.01188667101074628, 0.0], [0.30769107314950384, 0.0591807919882336, 0.022491362490756388, 0.07156075022424771, 0.002375918867900396, 0.00019537459757645702, 0.04593259205252718, 0.07997743738208804, 0.011245316613428437, 0.0173609451266588, 0.03082084616957821, 0.008682987896250348, 0.00726308557794941, 0.09331441324603003, 0.10124443997132714, 0.02472462340506694, 0.025142903075898188, 0.0018394527060752168, 0.04387767640208694, 0.04507800905681672, 0.0], [0.05234679153330914, 0.010621819421833222, 0.011495097690456521, 0.1328143181936351, 0.0015960723463694715, 0.0002263522913966393, 0.008567484557486951, 0.0007507502764927123, 0.06140135150996038, 0.003913610231866293, 0.0012411243604493966, 0.003823800207570888, 0.13817127932986348, 0.0047035851159679615, 0.0908128630132483, 0.0025096793714053257, 0.2888758971858892, 0.10129555217808134, 0.07632108956026175, 0.008511481624455978, 0.0], [0.0007897238688010643, 0.03616901435411046, 0.04908932494094681, 0.0005250955956780966, 0.0013178417724523052, 0.7359462481300433, 0.005565621329042795, 0.0010671769122454608, 0.003061497591044111, 0.023097357324531588, 0.04104959191758165, 0.0010303851292698695, 0.005816613878657239, 0.014800125718922946, 0.010412277563744314, 0.02143782174134993, 0.03325803144002774, 0.0018966080706385993, 0.0002803355252019253, 0.0133893071957097, 0.0], [0.0008829053497904616, 0.0009801514279558065, 0.7704768952156271, 0.004724106177745458, 0.009843076714299816, 0.1389045632608974, 0.0004993899303648542, 0.001558583730660711, 0.028858595590405274, 0.005205238386599433, 0.00236755260769471, 0.01173425725166593, 0.0006242046506097604, 0.0003779228964772377, 0.007631467561552614, 0.0038982697047075417, 0.003431341613938476, 0.00290861613467576, 0.001331763613934065, 0.00376109818039774, 0.0], [0.002184678979147277, 0.027894855361577747, 0.0022409975957167812, 0.005238995579681154, 0.07277994974295154, 0.038945416182031685, 0.004217468152823718, 0.002627689461799935, 0.18718577862156574, 0.006471069293819984, 0.057259857388082994, 0.012520288707998201, 0.015574425699047293, 0.11569050918302878, 0.03327683071864057, 0.18124637731901627, 0.0017190874115969293, 0.17135529339844524, 0.020314621311972942, 0.04125580989105513, 0.0], [0.06356870696926531, 0.003054501170970251, 0.0018083304442486033, 0.0030138884464358967, 0.052543174743799874, 0.0022894183890098284, 0.015123279602799506, 0.11832802348606157, 0.0042425514547205605, 0.02583351983717472, 0.001948672107783112, 0.007303736717736753, 0.0825157455588954, 0.002235724400868088, 0.005492715740794954, 0.07899954213246778, 0.008912300477791077, 0.00041154056218309197, 0.4273372661362763, 0.09503736162071727, 0.0], [0.05208641912844168, 0.006079902320105341, 0.008282484587250711, 0.00026030402625847846, 0.013580338933738448, 0.017295258599645574, 0.14978715037099175, 0.017546602436999462, 0.016823989824907733, 0.00804074568753115, 0.4819474171578504, 0.016218876347687785, 0.18008518879822458, 0.00402759216736535, 0.01947514686314376, 0.0020448987283116504, 0.0006777667576005359, 0.0015247957175243945, 0.0012842384348376167, 0.0029308831115836234, 0.0], [0.0017340005466620558, 4.285151457102156e-05, 0.022748753624395615, 0.003993739272791998, 0.00040395871903015, 0.5820211117396966, 0.01280873005181563, 0.014259595286304251, 0.01259465194531346, 0.012345035081650293, 0.008885746845982924, 0.003422572000094043, 0.02211006546905184, 0.027172706352481996, 0.0034999362404048245, 0.18781829001996925, 0.0015949655970810654, 0.039465826490115215, 0.03538546887639221, 0.007691994326195565, 0.0], [0.017734179274831403, 0.010632123471471671, 0.12904916870808048, 0.0033311390996682215, 0.06038404219471914, 0.008466554299853607, 0.16236460909760228, 0.1394175661022243, 0.002433481678646196, 0.016295014607322182, 0.0011393948098881604, 0.013043601866051802, 0.0020853629605281695, 0.18306645491382725, 0.006595238573017165, 0.025347544118445104, 0.00027605068182124385, 0.013098593997386585, 0.15135779653725062, 0.05388208300736439, 0.0], [0.043474117149394205, 0.0014334980615173288, 0.016433742698990072, 0.004692133452520381, 0.008282784543575585, 0.015398472812484954, 0.04361200341665796, 0.001214400607842703, 0.011637965912299068, 0.032024157213900575, 0.014854612941825315, 0.19007139543375495, 0.01601185939834978, 0.08652090333001135, 0.043171079808271846, 0.004207328541428052, 0.297361459365745, 0.0817385377972728, 0.041637974149251106, 0.046221573364906864, 0.0], [0.003720479855588659, 0.0850785680660531, 0.0012372636827471632, 0.052450022005466765, 0.021858582865850972, 0.047226349822021764, 0.008599791271349475, 0.0016754286749153633, 0.00024848128011020505, 0.008943665632847318, 0.001359430096949399, 0.34283184289483454, 0.08695615859095716, 0.0005633237138201059, 0.030287987234969446, 0.12258897922896303, 0.013327567460120572, 0.16167346125215767, 0.0007043719421872655, 0.008668244428089939, 0.0], [0.0019687342001364397, 0.06925507280752044, 0.08645384876757901, 0.016846162140481638, 0.05226537682042158, 0.14365169789298163, 0.002047351953632354, 0.007311875536860912, 0.009428305494477785, 0.012912923875045099, 0.0009087865004210164, 0.017406984694047757, 0.00907721293027565, 0.0025019994185204526, 0.0013847307369685305, 0.007203182172396439, 0.03244762592335116, 0.47604339299298704, 0.04391150631760685, 0.006973228824288249, 0.0], [0.039174275438544244, 0.02501963392503868, 0.02943861465792112, 0.004130792824980161, 0.02866595755273203, 0.012211166689627049, 0.02108637111706558, 0.6616497315347698, 0.0025637135257346073, 0.002761228259636606, 0.0026427396534769794, 0.008312443034242105, 0.003201654011269373, 0.01354757528183092, 0.001605042480235046, 0.02675637591060616, 0.00012123333415626873, 0.09970905935177496, 0.013990574319107265, 0.0034118170972512133, 0.0], [0.010969929087569547, 0.016967526189106404, 0.015779327562024888, 0.05451914751500773, 0.013353405530764377, 0.09925072973281486, 0.0012695875679790537, 0.5360894405452017, 0.006661932762735166, 0.00902897261173821, 0.004106602170771117, 0.019238577786722985, 0.021570942249567, 0.0034995543638514943, 0.002136727626850982, 0.008490053829966357, 0.0010675262484626327, 0.033427398653101535, 0.06083297971779195, 0.08173963824797187, 0.0], [0.18390276977980408, 0.013642076845563325, 0.008563122788860303, 0.008926916627591163, 0.00016381066812317662, 0.0002956201876574656, 0.0007742541575863486, 0.0012821296064066691, 0.0035824864459867932, 0.0030728647796531765, 0.44606568435259447, 0.003223349433313079, 0.0002143297735446088, 0.027634720720185295, 0.2859565815910716, 0.0007029081177976425, 0.001639544816646938, 0.0004062997556976034, 0.0035366283600814247, 0.006413901191834886, 0.0], [0.47545992006524324, 0.01167695460309916, 0.04297171228958344, 0.0005092804474107381, 0.00018525391678164438, 0.008270037583570311, 0.046170189021038976, 0.007149452634824116, 0.003454567646433065, 0.002521740434974134, 0.0020991753987601417, 0.013938162365516074, 0.0023684916346041382, 0.011348204388718806, 0.24196953733250975, 0.00915832153485842, 0.005988148847933351, 0.10953329435691184, 0.0023109804237475395, 0.002916575073480991, 0.0], [0.0033689739650459567, 0.0010239572756792453, 0.18695135215519942, 0.04101929452152539, 0.00026147849790842894, 0.015563947449233253, 0.0005085349061650733, 0.03024158779433536, 0.002971144085865315, 0.05076744210877684, 0.22273661584084897, 0.020322530828285806, 0.0011872047396512405, 0.1043350970205069, 0.22095853575696622, 0.0020543498247426275, 0.0018418488212698346, 0.06139464436761165, 0.011460464718580109, 0.021030995321802443, 0.0], [0.0020760072524180924, 0.0065411310639791114, 0.0016360530453404124, 0.01281300785594283, 0.02086307022221072, 0.32974155721520254, 0.0007857416875333236, 0.12081134628190025, 0.063306179561669, 0.005389180791037806, 0.14347525757943122, 0.1126872526426076, 0.02090606926238669, 0.003207543185432838, 0.003688211859616477, 0.0055636907059674326, 0.029132580133921695, 0.07141933208522941, 0.03572696632599322, 0.010229821242179334, 0.0], [0.08393178996663152, 0.025046216935691975, 0.02631370891766049, 0.4248097195541413, 0.002634402133206378, 0.006541623413105865, 0.009559581641290895, 0.021219500641898804, 0.0006255205574324631, 0.03221857611022765, 0.13570792320230088, 0.08923767984845009, 0.013871208570258925, 0.03603219743456547, 0.013963495587508881, 0.03635680044845085, 0.0037459650086429483, 0.004499475074438185, 0.006095914198805056, 0.02758870075529149, 0.0], [0.04447968406398839, 0.0003646690290514518, 0.047761472558397765, 0.0004508570023391266, 0.02495065992358862, 0.016630537233398062, 0.0016225951976812148, 0.009106313485350015, 0.04059256187932827, 0.604132095862052, 0.001681664317538815, 0.0001841912805161847, 0.03678226014975114, 0.0029078277395206934, 0.0036389193433630663, 0.002430407356513956, 0.13011428670361402, 0.0005403894465297577, 0.03144817521072172, 0.00018043221675590967, 0.0], [0.005192023121301356, 0.17195461781176566, 0.12773836426306062, 0.0023101491255115188, 0.002447026120037391, 0.15873027665538145, 0.044106229516023936, 0.11411081700622096, 0.012992912084494643, 0.001392806821259567, 0.0053696373575904685, 6.561782613212769e-05, 0.0019056315907824853, 0.0015579693779225765, 0.005161054719902917, 0.08799182363389205, 0.03137433477761694, 0.009876512600674271, 0.02025403892999541, 0.19546815666043357, 0.0], [0.00027852442021408737, 0.25760516772407993, 0.0034669067852746965, 0.007143264471829961, 0.0004930499829596742, 0.017981302348259724, 0.011564387255259158, 0.000269271475459376, 0.008236536236098766, 0.4644107497851391, 0.015591806963293627, 0.07024998953493837, 0.0003525443888021289, 0.0010943363675753614, 0.015281700273642233, 0.005806188746589333, 0.0018248978696066896, 0.003714856342980058, 0.03062651005212007, 0.08400800897587764, 0.0], [0.13773863285144977, 0.03661552392641499, 0.04143724135956071, 0.011498738782108654, 0.15097266540097634, 0.017089242096144236, 0.047892961530027194, 0.012180550581746701, 0.0037806523891542113, 0.0030460587257631925, 0.010236558854040538, 0.004192646550283534, 0.25255814401274673, 0.014422995106265997, 0.005834172479959184, 0.0007021204608381086, 0.21986550306070668, 0.0021232377606255127, 0.017305282008023674, 0.010507072063164013, 0.0], [0.13156097403288147, 0.0029116224044757884, 0.2552255433084745, 0.0070263121237882815, 0.40426212121061916, 0.07314685071258514, 0.002213459085276285, 0.007168440188935468, 0.00010133376144081532, 0.0160883246918991, 0.0022415194177273926, 0.0038486548733995866, 0.013654470016527793, 0.0099392308026301, 0.0011264769344890015, 0.024073574847614625, 0.0001100589141340223, 0.0015892897618652508, 0.0009004572597956182, 0.042811285651440587, 0.0], [0.12525946267358998, 0.5957348196239606, 0.004433337767486546, 0.00673801192866299, 0.01395036174858608, 0.0020001712503751523, 0.005872223497698969, 0.016504678849057312, 0.007947403083139019, 0.001186878936449859, 0.033374704151042316, 0.0011314535689615271, 0.001216922266680797, 0.0007255923754639981, 0.06577720773474251, 0.009986911291955121, 0.003923101360728204, 0.008938485613962256, 0.0019006517604745017, 0.09339762051698214, 0.0], [0.008391888491117667, 0.004312100475434493, 0.004083140942017292, 0.13788767047170866, 0.02678643114968834, 0.0011412910274125414, 0.0014611815932765453, 0.0341764048805411, 0.060793564300600116, 0.003524536730848942, 0.6198527419652751, 0.006459105070415273, 0.008989564492809129, 0.0016422681238005572, 0.0013966431062724558, 0.0037363547214291945, 0.00238000465389463, 0.0005670588702712558, 0.023037674978297375, 0.049380373954889305, 0.0], [0.000772993806209684, 0.0027291219524289752, 0.006399549513200102, 0.016500184028941246, 0.06949286502842825, 0.011407986840589381, 0.04081772815979384, 0.47373061918264747, 0.0034872923350325064, 0.0037932620961254686, 0.0013318838405498407, 0.0023795210723622827, 0.00021178069118607946, 0.26692683970597647, 0.0073772305070214424, 0.0011557468609939261, 0.015615155041099171, 0.05618013466760905, 0.016472740816438257, 0.003217363853366321, 0.0], [0.07265011788787554, 0.0186347185446054, 0.07204307588069947, 0.2497297153506772, 0.02079676682907901, 0.006414640807849138, 0.04830829513206382, 0.01720314806718647, 0.0018640009438701994, 0.004254842727273065, 0.03961746834738465, 0.02321299646836457, 0.002338292213800399, 0.055069299602322985, 0.3174013852957935, 0.023430023938174956, 5.606559297068409e-05, 0.008941480811609313, 0.00013603464543056692, 0.01789763091296905, 0.0], [0.006818722180837493, 0.18068289037878157, 0.1633969013011257, 0.035784585873266654, 0.0006599569760006793, 0.0018931786476101941, 0.02437679873735874, 0.010092273495194967, 0.1850112900659423, 0.004531192507503542, 0.0018687526166347914, 0.14707053297592337, 0.005869692864367537, 0.04703366429390333, 0.08216477259808858, 0.04983463515517141, 0.018970557188184713, 0.010322883253581158, 0.008382494537461354, 0.015234224353061923, 0.0], [0.03358101188953149, 0.011131012852826238, 0.023006574023411025, 0.05145652938437849, 0.008383249648085404, 0.008090728761290522, 0.061530014857342344, 4.169292839203705e-05, 0.0017660232452979862, 0.00023861323644787047, 0.0016446435591140557, 0.24974447981176956, 0.14524641618802275, 0.009180212353461871, 0.0007540435619521795, 0.01011206801482342, 0.36304907323965396, 0.010457480334637982, 0.009126334531030723, 0.0014597975785299634, 0.0], [0.04719971089549105, 0.005095105022555717, 0.01546577546667302, 0.08227782451366375, 0.07505211525612517, 0.0013620013979903426, 0.005266003491670354, 0.15278709562553042, 0.00472399151794466, 0.11489262739276647, 0.00043905069733524274, 0.07061819019398666, 0.029546737016029015, 0.0005758619020586761, 0.023931900098430794, 0.05042980888524679, 0.31242206252460186, 0.004914338450860412, 0.0022796516867040597, 0.0007201479643354411, 0.0], [0.05028215781794414, 0.15289121669425537, 0.014190165265254642, 0.03974888084492873, 0.06643700484146353, 0.001034741431549154, 0.04354706492555752, 0.001100071065201008, 0.0017683363776189796, 0.00021757257510944097, 0.009956047647541226, 0.004610746594490872, 0.19236431114681046, 0.14955259678350113, 0.020388315492669822, 0.06184736714106497, 0.06344123085741725, 0.027085835758776954, 0.0098687805044386, 0.08966755623440609, 0.0], [0.013006556935786744, 0.0015277115325344588, 0.0031806554868612255, 0.09752229365437333, 0.0010449811120430107, 0.06568300523899259, 0.00799529834007602, 0.0004215537910731336, 0.07689997105794937, 0.37459853217050576, 0.0065478228521511405, 0.18620243863488495, 0.0009446540233920356, 0.0029109559562988095, 0.12345897697867597, 0.0016481809195380479, 0.003175021282211851, 0.0069533907887524785, 0.02572893616944122, 0.0005490630744578927, 0.0], [0.000715549945907735, 0.0014944595505542145, 0.0006079858354195858, 0.017066572733832188, 0.0017078650271720411, 0.00024854216213943375, 0.47915057385495124, 0.28278159620946697, 0.0038373815351044746, 0.009410453951583037, 0.014744428797859607, 0.00021181362588629268, 0.0019326350061608314, 0.00021813553509304108, 0.05865426642873408, 0.07304131610441954, 0.05249784487436764, 0.0001386160782095693, 0.0010096847791344356, 0.0005302779640037562, 0.0], [0.00030922551499320156, 0.0021140610502961275, 0.021711431487552835, 0.006597669280040109, 0.0022543228388623533, 0.09765155072474117, 0.0041759594138886195, 0.016709424043060764, 0.004149327111973747, 0.22714631892149467, 0.0364800980233262, 0.04317880648050936, 0.013768488280247581, 0.01755657569158234, 0.33491538651611563, 0.003660696318125037, 0.0743389079844547, 0.030057016772806054, 0.03384579755227644, 0.029378935993653075, 0.0], [7.446683005252502e-05, 0.008804993150422344, 0.1074776779436637, 0.021636942564518057, 0.0001067423130770802, 3.059239709779656e-05, 0.00011168273669896955, 6.765479711436251e-05, 0.0014154196787118983, 0.00029720597185162905, 0.0020440626736762516, 0.0005380764720340671, 0.00044962906143577015, 0.00021435826320838886, 7.281641823297777e-05, 0.00011510049310649752, 0.8515441784496001, 0.00038888967777194627, 0.0002662222718326454, 0.004343287835893118, 0.0], [0.00010571701864546018, 0.0277492737328803, 0.005186177758159046, 0.0014618127043697932, 0.015556588130799362, 0.00023365792871399036, 0.00994587763756433, 0.000320373702814789, 0.00019700795290700465, 0.014220847050596902, 0.003262095577899645, 0.017011137961773268, 0.0005986418210076937, 0.021938939560954676, 0.00870840843424901, 0.8274719122284536, 0.019282409399822457, 0.0034044170765842223, 0.013132552427471682, 0.010212151894332742, 0.0], [0.15032219133399186, 0.004408137855150572, 0.14271217698748798, 0.006627907007801729, 0.13341217229440439, 0.016037469168722784, 0.04065660373538518, 0.0020535240350216706, 0.007457991213387056, 0.017775567630912297, 0.0027260183119338015, 0.03901940128854666, 0.0038461700232528917, 0.0602068596533817, 0.0015141620063812205, 0.021570138315773525, 0.18891790684208776, 0.15266864334342992, 0.006067208628280432, 0.00199975032466669, 0.0], [0.004638098642986663, 0.06701622932606634, 0.02102567444274991, 0.002357867417129543, 0.1953626711955535, 0.038212890115820505, 0.01600824812873341, 0.00384320506037535, 0.012599858827489072, 0.0361591191054362, 0.008489054196315229, 0.006220981300300348, 0.0018765911200854582, 0.013258558010218831, 0.013581804373591393, 0.33452204576362704, 0.1884357926826719, 0.0028837554769495046, 0.009156541546018464, 0.024351013267881198, 0.0], [0.0024281604726624413, 0.0008063479031624755, 0.0046675128182319765, 0.005627108334318182, 0.0005263132657958347, 0.023784882927413813, 0.06120592546126066, 0.016339654460154736, 0.002763891044666196, 0.007039315082706561, 0.0063807560367973295, 0.00791541937441152, 0.02362907455416393, 0.00011036450053673026, 0.00022043141429770296, 0.002388658499638833, 0.0029363522076494932, 0.0008428322526185243, 0.005880936144900698, 0.8245060632446124, 0.0], [0.0006234790963225624, 0.000478718154878581, 3.790723153855523e-05, 0.01508286470655565, 0.003522128